1.2097808
0.7599163
-0.34677598
-0.082146205
0.557273
0.4056565
-0.63030523
0.3263205
1.2989606
0.09688946
1.0292594
0.9968935
0.761164
1.0733919
0.9670671
-0.40630025
0.26358578
1.7006332
0.02589438
0.28540778
0.18683289
0.41280898
1.0388587
-0.24639596
0.590392
1.1683109
0.53125805
0.90795493
1.4448205
-0.6824059
1.1742253
0.91457826
0.67358047
1.5869136
0.40755114
0.70294017
0.6702733
0.6144886
1.0955496
0.05700174
0.9174201
0.1641297
-0.81328416
0.6869311
-0.49603364
1.5132449
-0.25817603
0.6333321
0.29838124
1.3854313
0.50298816
0.4449769
-0.8893418
0.8002871
-0.53363687
0.27824995
0.88074887
0.346614
0.67558545
1.3894582
1.3136151
-0.91014874
0.14721194
1.6211748
0.25168225
0.49405092
1.2302755
0.4500024
0.26861444
-0.14825353
1.6774482
1.657633
0.7774466
1.4075636
-0.6404725
0.8912503
0.9482118
0.4450703
-0.56248
0.7160999
1.0714679
1.4541285
1.1808726
0.641236
0.3526187
0.11350486
0.44783765
0.8111904
-0.1988036
0.5856787
0.026196552
0.05001387
0.766753
-0.7832757
0.40503442
0.38814026
1.3257192
0.33521736
0.54937595
-0.38074815
0.3899263
0.17472939
0.70007384
1.1459534
-0.06431384
0.3182144
0.64907956
1.5213045
1.0295473
1.0350457
0.1417401
1.1254504
0.5090034
-0.052257746
0.07546563
0.5442378
0.110892646
0.18060456
0.07875778
0.27789962
0.31623903
0.33239946
-0.913341
0.41011783
1.684482
1.9279705
0.5195876
0.2092481
