0.606415
0.74169993
0.14551276
0.5854077
0.68065095
0.7908363
0.30365926
0.7798028
0.40366805
0.7057888
0.26117393
0.35825586
1.0847234
0.48017234
0.17803729
0.15965435
0.27526098
0.34242612
0.57236284
0.93910474
0.56606686
0.25229967
0.68836176
0.64379835
0.32295275
0.74926627
0.5468712
0.3348827
0.5889886
0.8933623
0.6000689
0.6052313
0.74856734
0.55470455
0.4223037
0.28020787
0.47768104
0.7404161
0.23041144
0.468276
0.4905399
0.44985253
1.1386119
0.43403706
1.1607014
0.9485377
0.74234885
0.40090972
0.16863698
0.7170069
0.22527406
0.07938495
0.45668846
0.73985416
0.3774507
0.51382446
0.54350513
0.61327755
1.0041366
0.1940459
0.24526803
0.40766445
0.6817529
0.07319566
0.76418644
0.6516677
0.24443729
0.58516216
0.2729278
1.0252842
0.79350984
0.49875072
0.29879957
0.1445005
0.18243882
0.7187419
0.7570464
0.9415605
1.0044367
0.44341847
-0.18071306
1.2738196
0.5563148
0.9369754
0.6463037
0.39104277
0.4685425
0.6113869
0.51966643
0.49391174
0.7146532
0.78097445
0.7173478
0.9658849
0.7661015
0.09379082
0.8366541
0.41836956
0.5157195
0.98029655
0.72394943
0.7737625
0.910942
0.4185627
0.429813
0.69617105
0.50027114
0.8334662
0.39225098
0.9154002
0.7079105
0.6953699
0.39922875
0.5437554
0.45369986
0.6521351
0.51952386
1.0169024
0.43223715
0.44211894
-0.05610721
0.356802
0.6040909
1.1407331
0.37929127
0.38209635
0.70544213
1.0507451
